464.017
450.16
437.457
423.926
410.67
398.549
385.659
374.008
361.836
349.807
339.087
327.768
317.813
307.717
297.809
289.36
280.608
273.907
266.58
254.201
243.023
231.536
220.617
210.354
200.848
192.211
185.432
178.941
174.04
170.062
167.529
160.702
152.003
145.582
139.635
135.359
132.503
132.74
134.015
137.186
142.127
149.215
157.064
157.699
157.191
159.248
161.895
166.012
150
145.417
147.492
156.924
171.164
185.946
185.154
180.247
177.553
176.207
175.505
176.98
171.817
163.371
157.003
151.539
148.081
146.328
145.344
147.122
149.482
154.496
160.975
167.839
176.777
185.841
196.01
207.422
218.689
231.225
242.759
249.401
256.275
264.462
273.3
282.307
292.308
302.789
314.341
325.682
337.369
349.15
361.454
374.008
386.65
399.656
412.846
427.126
440.654
454.318
468.087
