400.045
388.021
376.225
364.726
352.548
341.592
331.109
321.044
311.207
301.1
292.515
284.176
276.796
268.337
258.66
248.685
240.208
233.034
225.304
219.203
214.014
209.805
201.911
192.263
183.358
174.929
167.932
160.854
156.285
153.082
151.4
151.251
152.882
155.801
159.665
165.36
172.2
179.301
183.153
188.854
195.645
203.416
209.824
209.06
209.067
210.583
212.002
215.697
220.327
212
202.356
205.526
214.574
216.104
208.435
201.675
195.921
191.262
184.44
176.641
169.118
163.527
159.201
155.724
155.206
155.322
156.678
159.812
164.305
170.047
177.023
185.952
194.756
204.619
214.888
218.82
221.948
225.258
230.417
235.716
242.662
249.658
257.389
266.451
275.51
285.701
292.474
298.297
304.81
311.97
319.733
328.347
337.153
346.439
356.168
366.306
376.942
387.769
398.915
411.351
