389.225
377.482
365.821
354.596
343.447
332.844
322.614
312.464
303.059
293.743
285.328
277.016
270.633
264.055
257.606
250.569
239.27
228.397
218.014
208.195
199.023
190.591
183.003
175.454
169.85
165.421
162.262
160.449
160.028
161.009
161.208
159.765
159.7
160.125
162.828
166.817
172.003
177.598
184.911
193.093
202.04
211.178
222.32
229.157
228.002
228.74
229.456
230.957
233.549
228.02
222.272
217.442
213.591
208.339
200.504
192.2
184.743
174.063
163.453
152.634
141.993
132.936
124.964
118.431
113.596
113.842
118.457
124.487
133.015
141.693
151.427
161.771
169.189
168.467
169.118
171.129
175.237
179.067
184.665
191.314
198.91
207.87
216.123
225.887
236.231
247.081
258.681
270.681
280.28
289.182
299.681
310.453
320.688
332.182
344.006
355.069
367.394
378.893
391.658
