387.129
373.387
359.801
346.39
333.174
319.188
306.444
293.981
281.837
270.054
257.73
246.84
236.485
226.738
217.681
209.404
201.206
194.826
189.526
185.4
179.494
173.404
169.095
164.806
163.233
162.929
163.306
161.112
160.515
162.274
164.757
168.751
174.152
180.278
188.043
196.825
205.779
216.836
227.864
236.104
239.251
244.238
249.275
256.457
264.055
271.45
276.586
267.978
258.985
250.577
244.018
237.255
231.465
227.543
223.862
221.045
216.707
204.088
192.315
180.247
169.753
160.078
150.655
147.513
145.341
145.413
147.628
150.96
155.541
161.697
170.003
178.404
187.808
191.442
191.377
191.638
194.093
196.881
202.272
208.195
214.348
222.144
231.491
240.204
250.17
258.861
266.092
273.646
281.37
290.303
300.137
310.464
320.062
331.267
342.708
354.634
365.788
378.298
391.046
