367.143
356.168
346.66
336.966
328.586
319.877
312.775
305.91
299.448
294.679
289.353
277.418
265.424
255.431
244.696
235.478
227.8
219.672
213.49
211.206
214.189
219.365
225.737
227.126
223.439
220.009
217.83
217.007
217.313
220.095
223.231
227.185
232.725
239.385
246.455
255.783
264.473
265.505
266.12
267.152
270.633
273.766
278.325
284.313
290.615
286.4
271.19
256.127
251.7
247.37
245.165
243.132
243.187
243.477
245.937
239.754
231.976
225.524
220.193
216.067
213.216
211.691
210.794
211.929
205.876
191.971
179.494
167.765
167.299
169.779
173.666
173.234
165.109
158.398
157.41
166.652
176.082
186.955
198.252
210.238
212.085
213.663
217.276
221.461
227.438
234.446
241.944
250.799
260.069
270.416
281.368
290.842
299.401
308.769
319.626
330.097
341.037
352.46
365.234
377.457
