334.093
322.397
312.04
301.042
290.441
281.299
271.533
263.41
254.922
247.121
240.684
232.693
223.652
215.724
208.079
200.42
195.133
190.224
186.357
183.6
182.321
182.025
182.923
185.952
188.215
182.321
177.553
174
170.66
169.673
170.062
171.47
173.566
177.868
182.784
189.283
196.023
204.414
212.81
217.8
222.441
226.612
232.562
238.462
246.065
253.442
261.696
271.229
280.318
282.816
276.586
271.03
266.188
261.199
257.965
255.556
253.996
252.353
252.549
242.986
233.019
224.511
215.78
207.2
200.01
193.752
188.521
183.6
180.624
178.899
177.539
172.351
167.371
163.625
160.2
159.154
159.524
160.328
163.49
167.943
172.708
179.471
187.2
195.021
204.384
211.192
216.813
223.271
229.985
238.839
247.455
256.632
265.979
276.147
287.68
298.613
309.672
321.237
333.054
