413.948
401.404
389.082
377.005
365.197
353.685
342.498
331.67
321.237
311.238
301.717
292.72
284.297
276.501
269.386
262.545
254.527
244.364
234.828
225.364
218.014
210.761
204.475
198.436
194.312
191.859
189.233
188.809
183.861
177.071
171.421
167.027
163.991
162.388
162.262
163.615
166.412
170.581
176.026
182.631
190.276
192.575
193.342
195.359
197.254
201.675
207.183
213.694
218.332
202.869
191.771
191.316
192.065
193.039
196.329
200.592
199.542
196.698
194.589
192.816
183.216
174.522
167.586
161.075
157.293
153.561
151.397
151.169
153.17
155.824
160.012
165.511
168.345
169.544
172.409
176.284
180.967
187.216
194.445
203.217
212.137
221.822
238.891
247.194
256.135
265.648
276.176
286.714
297.659
308.968
321.286
333.246
345.463
357.912
370.397
384.251
397.287
410.474
423.707
