357.14
345.006
333.074
321.35
309.931
297.725
286.944
276.378
266.391
256.632
247.631
237.945
230.185
221.82
211.358
201.943
193.215
185.27
177.519
171.406
166.4
162.604
160.103
158.028
158.24
155.913
150.851
147.003
144.679
143.753
145.499
147.462
151.238
155.872
162.265
169.118
177.598
186.947
196.817
207.473
215.947
224.056
232.82
243.101
242.563
241.57
240.252
239.883
241.531
243.002
245.345
238.315
232.131
226.586
222.122
217.35
214.441
212.941
212
212.038
208.83
201.626
196.703
192.094
187.779
185.432
184.743
183.872
185.162
187.883
190.518
185.27
180.044
176.918
173.968
172.256
172.754
173.566
175.636
178.922
184.133
189.589
196.023
203.973
212.85
221.653
231.573
241.506
251.925
271.089
279.902
290.131
299.813
310.846
321.237
332.92
343.89
356.103
367.545
