375.832
363.31
350.036
338.037
326.345
313.997
303.028
292.482
281.427
271.884
262.64
253.332
245.693
238.833
231.948
226.883
222.8
214.22
205.105
196.825
190.234
184.716
179.011
175.96
174.244
173.669
173.807
176.23
180.1
185.194
191.606
192.169
193.003
194.165
197.466
201.638
207.251
213.103
219.221
219.329
221.226
224.19
227.706
232.723
238.296
244.168
246.416
248.115
250.683
253.387
253
246.457
241.746
238.101
235.262
245.782
256.494
243.824
231.905
219.135
208.255
197.497
188.003
178.751
171.12
163.248
158.114
153.561
151.397
150.867
151.01
153.639
157.003
162.788
168.87
177.079
185.327
191.191
195.059
201.405
208.002
215.745
224.207
232.768
243.403
251.4
255.441
260.357
266.993
273.534
280.794
289.665
298.484
308.519
318.101
328.146
350.525
366.083
380.706
