307.117
302.8
299.107
296.083
293.752
293.097
285.26
272.265
259.471
246.909
235.58
226.42
220.422
215.613
211.256
208.312
202.408
193.21
183.935
175.454
168.514
161.978
157.156
153.522
151.162
149.907
144.392
139.129
135.237
131.848
131.042
130.924
133.36
131.244
130.384
130.969
133.222
137.557
142.762
149.272
155.955
168.467
181.334
194.612
207.964
221.508
234.258
248.073
262.008
276.016
290.084
304.237
307.937
306.366
303.318
293.002
283.044
272.523
263.418
254.804
246.733
239.259
232.441
223.877
215.058
206.306
198.91
192.38
186.679
182.044
176.819
169.956
163.615
157.801
153.805
150.207
149.084
148.337
149.933
153.052
156.263
161.966
167.451
175.285
184.946
189.51
195.021
200.801
208.019
215.947
225.4
234.139
243.824
253.947
264.169
275.056
286.246
298.685
310.221
