385.249
372.71
359.313
347.052
334.006
322.155
310.522
298.225
287.141
275.378
265.149
255.155
244.641
235.595
226.55
218.753
210.775
204.475
199.612
190.394
180.424
171.945
165.076
158.644
152.594
149.164
146.751
144.931
145.774
148
150.748
149.643
143.68
140.014
137.354
136.741
136.883
139.345
149.937
161.236
173.104
184.564
196.787
205.412
208.216
211.681
217.366
212.735
206.969
203.062
199.203
197.464
195.724
196.291
196.759
199.62
197.294
191.437
186.604
182.877
180.325
178.997
178.922
180.1
181.604
185.162
189.842
195.563
202.388
207.781
204.039
200.302
198.58
197.102
197.525
199.324
200.943
204.949
208.614
214.611
220.095
227.798
238.193
243.824
250.2
257.266
264.968
273.251
282.064
292.289
302.035
312.175
322.672
333.492
344.398
355.803
368.436
380.301
392.363
