382.158
368.392
354.746
341.235
327.873
314.814
301.841
289.088
276.586
264.371
253.728
242.244
231.193
220.64
210.661
201.854
193.342
185.691
179.011
173.416
170.414
167.275
165.484
165.085
166.087
165.529
164.985
166.027
167.431
171.143
176.082
176.139
174.244
174.943
176.955
179.449
183.984
188.958
194.905
202.514
210.431
219.647
229.085
238.623
237.811
236.279
235.733
236.178
238.606
241.008
244.346
248.582
251.531
242.638
234.617
227.055
220.239
214.674
208.751
203.298
194.201
184.391
176.071
168.015
161.821
156.579
152.971
149.94
149.402
149.482
152.118
155.206
160.655
166.397
166.337
167.943
169.594
173.899
178.045
184.719
191.003
199.612
207.625
217.745
227.108
238.38
246.629
255.525
265.002
275
285.465
296.346
307.6
319.188
331.074
343.227
355.621
368.23
381.033
394.011
