365.153
350.691
336.335
322.099
309.006
297.082
287.628
278.62
270.13
261.429
254.189
247.935
241.234
236.282
232.648
223.466
214.406
205.232
197.649
190.224
184.505
179.254
175.787
173.092
172.169
172.256
173.968
172.838
171.012
170.496
171.47
173.666
177.116
182.157
187.949
194.733
203.002
204.24
206.475
209.124
214.201
219.672
225.249
233.002
241.081
242.903
246.562
249.904
254.327
259.409
265.37
252.24
237.171
229.02
222.65
217.223
212.603
209.201
206.93
201.854
195.533
190.287
186.4
183.448
181.794
178.508
171.968
167.451
163.371
160.649
160.328
160.515
162.151
165.194
170.558
175.171
176.465
179.769
183.371
188.152
194.833
201.658
209.38
218.589
227.783
238.403
255.368
262.652
270.601
279.159
288.272
297.889
307.963
318.449
329.31
340.508
352.013
364.786
376.821
