272.259
265.198
258.815
253.16
249.227
245.155
241.946
239.635
235.771
228.213
222.272
216.49
212.25
208.969
206.119
204.941
203.039
198.54
196.061
194.031
192.844
192.842
194.041
191.212
188.534
186.904
185.44
186.454
188.311
191.262
195.256
200.848
206.785
213.551
220.411
224.009
229.094
234.446
241.075
247.952
255.891
264.055
272.8
283.283
293.002
303.318
313.823
324.681
335.932
344.372
332.096
319
307.104
294.435
283.019
272.009
260.25
249.852
238.9
229.401
219.495
211.54
203.934
196.224
190.263
184.448
173.566
164.055
177.553
169.145
163.11
156.78
152.611
149.272
147.959
147.231
144.056
140.431
139.262
139.843
141.693
145.413
149.215
155.708
162.69
169.248
174.806
180.854
188.43
196.825
205.937
215.676
223.394
229.456
236.315
243.994
252.198
261.008
271.312
