345.071
329.152
313.313
297.486
281.784
266.085
250.46
235.053
223.43
212.72
204.022
194.997
183.576
168.158
153.951
140.663
126.606
116.181
120.507
117.89
108.706
101.242
95.7079
93.0215
93.0591
95.8175
101.533
109.041
118.697
131.488
144.402
159.239
170.417
175.026
181.816
189.763
198.01
198.977
200.552
203.421
207.966
214.107
220.429
227.741
237.118
246.089
255.783
261.094
258.157
256.223
255.314
255.441
245.601
236.248
227.308
219.586
212.85
207.196
202.714
198.799
196.825
196.207
196.957
190.539
174.794
158.644
144.031
128.845
117.068
107.824
100.305
101.119
102.626
95.7549
90.956
89.2749
90.4489
94.3716
101.134
109.604
110.259
111.212
122.115
134.164
147.078
159.703
173.761
187.984
202.786
216.843
232.08
247.477
263.008
277.584
293.334
309.162
325.055
340.006
356.006
