346.006
331.255
316.91
303.028
288.688
275.951
263.911
252.668
241.963
231.692
223.511
216.622
211.152
207.212
204.24
203.666
199.462
189.18
179.778
172.256
166.208
163.196
161.31
161.623
167.61
186.271
204.025
222.8
241.615
259.478
272.017
263.655
257.41
252.385
247.76
244.9
243.074
243.526
245.392
247.976
252.606
257.661
263.822
259.856
258.118
256.815
257.841
259.262
256.035
251.05
247.342
246.089
245.153
245.601
242.638
233.225
225.942
218.586
214.009
210.212
208.799
207.608
209.459
212.438
217.463
223.591
210.052
191.672
173.303
154.638
139.463
127.059
115.434
106.963
98.7927
93.4077
92.3959
95.0474
100.225
109.563
120.83
132.88
147.628
162.659
177.654
182.727
171.968
175.419
185.408
196.703
209.093
221.416
235.614
264.186
281.86
300.601
318.402
337.251
355.141
