280.713
263.427
245.204
228.055
211
193.065
176.284
164.347
155.003
147.054
147.167
159.512
150.083
137.644
127.35
118.811
112.712
119.038
135.978
131.4
128.191
127.475
129.294
134.48
140.89
149.215
159.298
173.678
188.152
203.194
218.689
234.546
235.357
236.611
239.201
243.742
248.906
255.221
264.008
272.36
275.617
278.614
283.623
288.778
295.88
303.191
312.066
320.762
327.2
324.154
323.099
322.051
314.554
302.333
290.904
279.957
270.059
260.716
252.715
245.349
239.633
234.617
231.536
229.172
229.584
229.961
232.573
235.697
241.033
235.722
219.693
204.012
188.767
173.557
164.128
156.952
151.585
148.223
147.003
148.098
151.344
146.103
128.413
115.156
117.661
122.788
123.843
112.414
121.078
138.235
155.641
182.584
197.041
211.993
228.107
243.822
259.794
276.973
293.246
