343.006
329.123
315.573
301.496
288.784
276.74
260.45
243.298
227.517
214.17
217.265
208.062
194.589
180.945
168.443
157.493
147.105
139.014
131.37
127.236
125.419
125.897
128.016
133.507
150.097
167.529
184.792
199.65
199.722
202.608
205.73
211.123
217.506
225.364
229.941
230.054
232.246
234.361
239.14
244.675
250.874
258.681
267.778
276.725
287.237
302.524
320.383
318.044
300.603
283.29
300.217
303.659
295.027
286.211
279.308
272.415
267.367
262.64
260.069
257.391
257.235
256.944
259.237
257.738
246.951
236.966
227.906
220.64
213.178
208.403
203.708
190.78
172.409
155.322
139.46
134.733
132.306
132.306
134.733
139.14
145.836
154.35
154.013
154.156
156.339
161.149
176.006
190.066
205.913
221.721
238.195
244.364
250.458
257.816
282.781
300.601
317.456
335.336
353.239
