323.687
308.934
294.382
280.064
266.03
252.335
239.015
226.135
213.776
202.277
191.324
181.24
175.308
184.361
178.101
168.372
159.113
151.855
144.779
140.89
136.125
130.969
127.012
125.004
126.289
128.845
133.54
140.545
153.561
169.532
186.046
202.2
218.909
220.066
220.586
222.407
225.499
229.811
229.63
230
232.166
235.835
240.26
245.326
251.746
259.756
267.899
276.622
271.974
267.067
262.191
258.312
255.476
253.718
252.105
244.266
237.693
231.294
226.416
223.213
220.62
219.911
219.1
221.009
223.343
217.816
200.998
184.228
168.074
154.029
145.248
138.033
130.908
124.619
120.354
119.269
119.641
122.332
127.193
134.974
143.405
146.154
149.482
155.081
161.722
169.712
179.636
190.421
200.34
206.189
213.242
220.771
229.804
253.6
269.863
286.225
301.684
318.198
334.773
