362.138
346.37
330.801
315.336
300.167
285.111
270.296
255.979
241.82
228.359
215.128
202.475
190.969
179.903
170.423
161.617
154.208
165.702
158.373
148.607
140.236
133.522
127.738
125.036
124.788
126.846
132.257
148.314
164.56
180.945
198.406
214.979
231.614
249.281
245.447
240.969
237.32
228.123
219.42
212.174
205.847
201.675
198.172
196.207
195.576
196.787
199.078
203.666
208.37
215.541
223.808
226.035
220.327
214.704
210.44
207.562
207.06
207.068
195.617
180.945
182.8
186.196
191.784
198.658
197.203
196.888
198.406
201.437
205.915
210.761
214.033
195.923
178.908
161.793
144.679
135.033
132.74
132.673
134.833
139.119
145.341
153.264
159.138
163.221
167.586
174.413
182.168
191.672
201.326
213.063
230.957
247.37
263.919
280.578
297.379
314.193
330.074
347.013
364
