345.931
326.402
306.888
287.392
267.918
253.428
245.359
239.842
230.933
212.085
193.313
174.132
155.641
141.156
134.015
129.418
126.827
115.004
105.005
98.3107
99.0202
114.127
129.522
145.279
162.607
180.602
198.816
209.268
211.218
214.842
211.88
211.983
213.063
215.411
220.839
226.433
234.267
237.135
238.16
240.337
243.577
249.177
251.813
252.786
255.196
259.156
264.486
271.105
277.95
286.882
297.168
308.058
310.387
312.987
310.924
304.429
299.715
295.571
292.659
291.81
291.496
292.474
291.158
288.943
287.141
286.678
288.721
290.878
294.333
299.042
304.869
285.568
266.317
247.099
228.009
210.038
192.167
186.325
181.334
178.572
178.639
179.825
183.611
189.623
197.284
206.526
214.981
220.066
227.161
235.274
244.976
255.548
267.301
279.789
294.109
308.058
322.56
337.617
353.142
