327.002
308.007
289.043
270.118
251.241
232.422
213.677
195.028
186.317
180.361
175.308
170
157.544
146.492
137.186
147.757
164.027
166.739
153.847
143.377
134.852
127.664
124.145
122.577
124.652
129.769
136.605
147.513
162.41
178.09
194.859
211.549
228.6
246.333
264.802
272.237
266.101
259.856
254.892
251.287
249.778
249.098
250.503
253.503
257.124
262.092
264.802
266.603
269.468
273.891
279.508
275.22
269.119
265.277
261.725
259.756
259.942
260.542
262.515
267.2
267.972
265.339
263.911
263.911
265.339
267.972
268.076
251.002
233.658
216.633
200.661
184.589
169.918
158.398
147.272
138.755
132.503
128.845
127.012
129.035
133.821
140.132
149.563
148.718
139.402
148.6
160.776
174.201
188.608
208.406
220.239
233.06
246.455
259.887
274.876
290.367
306.193
321.504
338.12
