314.821
296.623
278.189
259.031
240.853
226.753
214.311
201.777
190.276
180.006
168.668
154.987
140.858
128.81
118.207
113.088
126.921
122.483
116.004
113.283
112.579
115.836
121.828
130.729
143.951
159.013
173.528
190.003
205.993
223.258
222.284
217.35
214.888
213.434
213.357
215.697
219.593
224.397
230.341
237.933
247.164
257.41
262.688
264.764
268.911
273.412
279.016
286.77
294.462
301.251
295.894
291.596
288.404
286.777
285.955
278.568
270.858
264.273
258.898
254.073
247.693
240.208
234.804
229.889
226.374
224.323
224.758
225.621
228.178
232.174
220.111
204.002
187.216
170.848
156.179
141.156
130.05
122.409
117.273
114.978
115.694
119.365
125.734
135.104
145.602
157.623
170.845
185.011
190.055
187.758
200.212
214.234
228.002
243.347
258.118
274.372
290.986
306.728
323.878
