294.727
289.277
284.738
280.203
277.635
276.091
273.766
263.251
254.892
247.421
240.26
234.053
228.974
225.801
223.877
221.883
222.569
208.557
192.754
177.178
161.895
147.872
139.531
132.853
127.883
125.399
126.194
128.265
132.503
138.708
138.062
130.602
138.658
149.482
161.4
174.187
188.162
193.685
200.025
207.28
215.956
225.577
236.028
247.245
263.048
279.002
296.061
312.231
317.456
301.803
285.281
269.787
254.558
238.55
223.575
211.026
201.757
193.546
186.067
172.186
158.373
145.245
133.004
121.918
131.826
131.37
123.167
117.444
113.991
113.018
114.586
118.596
124.812
134.629
149.883
165.484
181.342
197.396
213.953
222.65
219.586
218.323
218.325
220.227
222.072
225.887
231.631
237.693
244.233
253.124
261.964
271.184
276.442
283.283
291.24
296.422
297.242
299.042
300.806
