415.637
407.07
399.531
389.293
371.393
354.866
338.788
322.281
307.327
292.154
279.177
266.7
254.466
244.295
234.776
227.563
221.452
217.816
216.095
216.002
218.284
222.315
228.37
236.104
245.381
255.986
268.002
280.856
294.944
309.492
325.135
330.335
325.96
320.264
301.204
282.682
263.002
243.559
225.258
206.519
188.725
171.231
155.589
140.246
126.57
115.156
94.1913
73.2462
52.469
31.7805
12
11.6619
32.0156
52.4309
73.7835
92.9139
111.396
129.402
148.735
169.145
189.201
208.665
229.654
247.843
265.663
283.863
283.593
284.016
271.118
256.912
243.707
229.009
213.528
198.98
184.358
172.456
162.308
153.326
147.872
145.165
148.061
155.081
164.268
174.897
188.003
202.25
217.883
233.555
250.874
268.198
286.587
304.429
323.575
342.235
361.885
380.757
406.687
414.391
424.001
