370.648
356.14
343.198
327.567
310.696
295.169
279.732
264.473
249.948
237.076
224.404
212.934
203.657
195.274
189.19
184.589
182.168
182.014
184.174
189.381
195.635
203.747
213.506
224.29
236.647
250.912
265.189
279.614
295.256
307.21
292.746
279.78
266.317
247.227
229.172
211.454
193.507
176.816
160.031
142.688
122.874
104.043
84.6463
65.7647
48.0104
32.28
26
33.6155
49.0306
67.0671
82.1523
91.214
103.368
117.661
134.807
151.559
169
187.609
205.883
225.229
244.018
263.547
281.007
299.082
304.357
292.139
280.143
269.904
253.6
237.693
221.576
206.189
192.627
179.301
167.371
158.146
150
144.257
142.443
142.352
143.422
146.864
152.227
160.655
171.047
183.068
196.42
210.851
226.153
242.002
258.631
275.726
293.206
311.006
329.074
347.416
365.925
372.848
378.794
