398.898
389.31
380.494
372.508
365.318
354.318
337.024
321.1
305.591
289.558
275.224
261.429
247.421
235.274
224.154
208.866
193.494
180.569
168.372
157.686
148.839
143.031
138.924
137.277
138.813
143.056
150.765
159.625
170.3
180.677
191.23
203.214
216.391
229.863
244.806
251.607
254.374
247.833
231.366
216.945
199.62
181.574
162.89
144.586
127.64
110.635
94.1116
80.1561
66.2118
46.5296
27.2029
10.4403
16.4924
34.1321
53.7587
63.0317
65.521
73.5731
86.3713
100.896
116.765
133.843
152.069
170.309
188.905
206.129
221.964
237.924
237.548
238.002
231.249
217.111
203.961
192.003
181.472
172.63
166.087
161.301
158.912
159.028
161.645
166.388
174.393
183.358
193.982
206.01
219.21
232.691
247.633
263.251
279.432
296.083
313.129
329.66
347.311
366.27
377.308
388.661
401.049
