361.271
348.21
335.894
319.428
302.424
285.708
269.824
255.282
240.95
227.66
215.077
204.402
195.489
188.282
182.409
179.602
179.234
179.402
181.665
185.389
191.167
198.98
208.598
219.477
231.935
245.54
260.112
274.964
290.993
305.408
301.219
299.813
289.588
272.72
256.285
235.716
216.086
196.657
177.496
159.452
141.209
123.713
107.331
87.983
69.6563
54.037
42.0595
38.6394
45.607
58.8218
76.0592
93.9202
107.838
122.642
139.807
156.541
175.362
193.259
212.927
232.246
251.008
270.512
287.418
305.369
323.048
334.588
328.247
321.629
317.025
302.313
287.089
272
256.813
243.824
231.521
219.538
210.152
202.247
195.256
191.212
189.447
189.042
191.426
196.367
202.566
210.737
221.165
232.407
244.663
257.783
269.742
283.933
298.543
313.882
329.123
345.584
362.516
366.531
370.714
375.012
