418.183
399.326
380.68
362.278
343.188
325.407
308.016
291.084
274.696
258.056
243.115
229.105
216.206
204.629
193.933
185.801
179.739
175.96
174.614
175.582
179.279
185.27
193.342
203.494
215.058
227.952
241.963
256.909
273.19
272.419
266.248
248.276
228.397
209.476
191.802
174.837
158.808
144.028
130.602
119.854
112.004
107.689
102.181
83.6301
67.2012
53.4135
46.8402
47.676
56.9386
72.1388
89.202
107.703
115.039
113.265
116.155
122.801
131.472
143.544
157.943
173.349
189.011
206.959
224.931
244.248
265.096
278.625
272.149
267.2
264.307
257.934
243.813
229.452
217.525
206.874
198
190.055
185.154
182.464
182.508
184.548
188.661
195.182
203.59
214.478
226.035
239.259
253.16
267.927
284.382
300.51
317.926
335.058
353.553
371.383
389.487
408.765
420.005
425.381
432.761
