332.385
325
313.345
297.195
281.727
268.198
255.265
241.075
226.738
213.806
201.884
192.52
185.421
181.342
179.388
180.236
182.858
189.066
197.649
208.312
220.756
234.696
248.966
264.757
281.81
299.58
317.945
336.013
339.713
338.723
323.966
303.949
283.746
261.521
239.341
217.904
196.596
174.668
152.899
131.366
110.209
89.6939
70.3847
52.1728
31
15.5563
22.4722
19.3132
28.6531
47.4236
68.8186
90.2109
111.893
133.724
156.08
178.037
200.943
222.971
245.416
267.471
289.539
311.617
330.63
344.362
355.394
343.227
332.701
317.057
296.921
276.384
255.384
235.476
216.002
197.091
179.744
162.114
146.414
132.563
121.198
113.111
109.142
110.494
126.246
147.054
167.431
188.854
190.966
181.687
174.187
177.099
195.778
216.067
236.239
256.457
276.978
297.955
318.889
330.43
336.537
