379.684
376.191
365.308
347.298
330.605
314.129
297.007
280.216
262.618
245.381
227.407
211.021
195
179.936
165.463
152.532
140.617
131.137
123.329
118.512
116.619
120.075
126.396
136.18
147.959
161.298
175.841
191.314
207.068
223.786
240.958
258.496
276.328
283.143
289.519
297.015
283.938
267.088
252.002
232.607
213.038
194.281
174.141
154.674
135.37
116.043
96.8762
79.2086
64.8999
53.4509
48.0937
50.0899
59.397
72.4017
85.703
100.568
116.846
133.405
150.602
168.76
187.555
205.73
224.083
243.895
260.292
276.942
285.717
287.96
287.517
271.597
256.07
241.174
226.259
212.8
199.72
188.353
178.846
170.496
163.771
159.38
157.258
158.493
161.307
166.111
173.404
182.044
192.852
205.061
218.344
231.812
246.854
261.721
278.469
294.279
311.365
327.873
346.446
359.562
374.171
