357.841
346.273
335.386
326.474
317.657
304.253
291.625
281.114
272.347
266.12
260.432
257.707
257.233
258.07
259.124
258.985
261.155
265.424
271.671
279.952
290.043
301.4
314.506
328.416
343.874
359.747
364.424
359.262
350.036
330.347
311.006
288.669
266.58
245.595
224.45
204.612
184.762
166.373
150.053
135.591
121.499
98.326
74.1687
50.01
27.074
5.83095
14.5602
35.3836
58.0086
81.8352
105.816
128.996
153.075
177.178
200.412
225.002
249.13
272.377
294.771
313.338
333.408
353.99
358.632
349.384
341.533
334.428
311.771
290.043
269.462
247.97
227.607
208.849
189.781
173.367
157.509
144.17
137.713
159.966
182.584
197.525
208.166
218.717
212.728
208.581
190.919
174.774
168.656
182.913
199.449
217.332
236.028
255.812
276.226
297.054
318.402
340.072
357.74
362.064
368.897
