413.038
400.281
389.252
373.005
354.069
336.43
318.064
300.167
283.593
266.732
251.287
235.907
222.092
208.406
196.54
186.604
178.331
172.247
168.63
167.263
168.908
172.244
178.126
187.003
196.736
209.122
221.678
236.546
251.436
266.738
283.989
300.421
302.888
306.4
305.241
285.428
266.738
247.976
228.81
210
191.651
173.908
157.42
141.51
128.062
115.732
106.17
99.925
90.471
72.7186
58
46.0652
43
49.6588
61.6198
78.4092
96.8969
100.846
97.6729
99.0202
104.561
113.846
125.539
139.807
154.935
171.266
189.13
207.711
227.783
240.62
246.272
243.319
229.713
215.745
203.037
192.2
182.694
175.251
170.188
168.502
168.268
170.763
175.801
182.65
192.003
203.887
213.715
225.056
237.693
251.432
266.101
281.556
297.674
314.682
331.803
349.332
367.212
385.395
403.838
422.508
