372.592
357.816
343.804
330.654
318.473
307.376
297.484
284.487
270.795
257.701
246.4
235.934
227.07
220.057
215.824
212.876
213.019
214.182
218.817
225.499
233.054
243.393
254.197
264.622
271.649
281.391
291.589
295.495
290.172
286.435
276.065
258.095
240.01
220.635
200.212
181.044
163.218
144.917
128.86
115.135
102.825
88.0227
66.0681
44.1814
23.5372
7.07107
22.4722
43.9318
65.7647
83.1986
96.2549
113.208
131.034
150.073
169.729
190.591
210.376
231.812
252.032
273.79
295.102
313.766
331.204
350.464
369.433
363.552
355.148
348.645
342.023
329.22
312.128
296.177
280.494
265.731
253.002
240.608
229.837
220.511
213.084
207.762
204.707
204.022
203.494
202.25
202.089
205.066
210.238
218.277
226.896
240.337
257.752
276.384
294.64
313.6
332.665
352.239
372.265
378.583
386
