370.135
351.001
332.074
313.409
294.978
276.973
259.262
242.217
225.843
209.976
195.387
181.596
169.744
159.154
151.38
145.427
143.126
145.499
156.952
171.418
177.102
172.569
170.229
180.278
192.769
205.73
220.719
235.78
252.42
268.888
272.976
273.47
264.093
246.447
229.369
209.724
190
169.921
150.147
131.522
112.805
95.9635
79.1581
59.3633
41.7253
28.4605
26.8328
38.2753
55.9732
75.505
94.7629
115.434
122.483
132.774
144.139
158.685
173.234
190.245
207.328
225.089
243.214
261.91
280
299.702
318.812
328.612
322.444
316.082
306.271
290.505
275.187
260.601
246.441
234.719
223.289
213.026
205.65
199.09
194.579
192.213
193.003
195.387
199.602
206.633
214.597
224.163
233.206
244.401
256.86
270.026
284.431
299.643
315.546
331.091
348.08
364.047
377.725
389.382
389.622
