376.48
373.484
371.652
357.09
341.037
324.446
309.362
293.874
277.541
260.99
245.88
230.593
217.589
204.472
194.147
184.911
177.485
172.261
168.76
169.163
170.792
176.119
182.538
192.042
202.2
213.965
227.774
241.919
257.56
273.366
289.375
307.234
317.907
324.23
331.748
327.124
309.764
292.797
275.949
255.988
236.212
217.341
198.073
179.201
161.419
143.757
127.534
112.272
94.255
74.4648
56.4358
39.598
28.8617
31.305
44.0454
61.7171
80.9938
95.8541
110.454
126.036
142.899
161.32
179.636
199.01
218.083
237.966
256.338
275.204
292.679
296.65
302.695
289.836
273.929
258.884
244.436
231.767
218.909
207.791
198.879
191.063
186.132
182.464
182.016
183.142
187.243
193
201.122
210.109
222.036
233.863
248.214
262.103
277.318
296.061
309.377
323.872
338.681
354.12
369.385
