279.723
276.116
274.357
274.505
276.371
273.651
260.768
248.719
238.768
228.002
207.8
188.661
168.107
161.137
168.799
177.789
190.224
194.209
194.505
182.858
161.994
141.651
122.09
104.202
85.44
63.2456
40.4599
20.2485
12.2066
30.1496
52.3927
71.6938
93.5361
115.434
136.741
159.615
182.003
203.657
226.771
248.52
271.708
294.267
316.082
328.459
341.463
355.208
351.319
341.281
332.952
325.088
319.908
315.017
311.751
311.194
311.231
313.957
317.164
323.062
329.201
337.037
335.477
332.181
322.453
299.982
276.66
257.263
244.641
233.985
225.683
218.509
213.677
211.085
211.858
214.161
198.081
180.472
164.11
149.405
136.894
127.224
119.202
109.225
102.616
101.134
104.346
112.018
124.31
138.322
145.908
156.774
169.452
184.589
201.221
218.215
236.865
243.019
250.284
260.599
271.19
284.369
