301.166
301.042
301.04
289.969
280.08
272.837
268.224
264.609
264.169
265.377
242.528
218.653
195.88
176.4
164.347
154.797
149.723
148.762
151.796
135.595
117
101.789
91.2853
87.6584
90.609
103.044
122.184
142.338
164.158
186.507
209.898
233.238
258.242
282.082
306.663
330.801
355.647
380.753
387.331
395.289
404.042
411.866
392.917
375.586
358.336
342.118
327.086
314.353
302.498
292.036
283.487
277.029
273.806
271.919
272.415
275.282
280.446
288.647
297.382
308.457
321.179
321.338
323.459
314.53
297.725
280.863
255.378
230.358
207.386
189.489
173.566
160.112
149.79
143.388
141.662
143.171
150.083
160.59
166.208
142.004
117.047
92.4175
68.469
46.2709
30.8058
31.1448
47.927
70.214
93.5094
118.089
142.341
163.404
183.382
204
226.433
253.355
266.175
280.863
297.814
