292.37
284.121
277.597
266.391
244.444
223.486
203.502
182.003
161.307
144.931
138.957
137.208
138.809
134.239
117.034
102.303
92.1303
87.0976
87.0919
95.6033
113.719
132.593
153.379
174.806
197.307
219.495
241.897
252.794
264.615
277.908
292.474
297.405
288.016
280.856
275.83
271.671
268.419
263.093
259.738
259.471
260.34
263.319
268.337
274.758
283.425
293.728
305.5
319.251
332.662
347.83
356.72
367.151
377.902
378.164
371.652
366.481
354.611
334.574
314.006
293.736
270.44
248.298
226.586
204.971
184.049
163.414
144.003
125.399
109.225
94.1116
80.4487
72.7324
71
77.4919
89.3588
104.805
123.329
142.636
163.453
185.238
200.242
214.411
230.417
247.588
265.699
284.57
302.026
306.589
311.841
319.678
328.024
324.968
316.689
309.467
304.253
300.486
298.67
298.613
300.323
