263.655
255.988
251.241
249.58
251.066
243.961
235.308
230.209
228.002
229.172
226.497
214.395
204.832
180.942
153.574
138.708
129.958
127.613
130.614
140.186
153.47
158.71
167.61
152.122
124.278
96.4624
68.352
40.7185
13.4536
14.3178
41.8808
69.8928
97.6524
125.67
154.263
181.464
210.06
237.844
265.859
293.646
321.66
350.258
377.461
395.243
412.171
425.766
408.271
392.441
377.975
363.83
352.637
343.313
336.006
330.946
328.146
327.666
329.838
334.054
340.472
348.669
359.201
371.497
386.091
401.454
407.806
380.916
354.401
328.422
308.825
291.383
274.133
259.609
247.477
237.607
231.173
227.108
227.495
231.311
237.394
232.441
205.995
181.108
156.08
133.454
112.058
95.2733
83.5464
81.0062
88.2836
102.313
121.297
143
162.985
179.201
198.799
219.572
241.812
254.527
263.592
