322.621
321.056
321.498
315.653
301.717
290.615
280.08
272.883
267.092
263.154
245.815
221.416
196.596
178.197
174.201
173.185
175.915
183.199
192.842
172.818
151.109
130.633
112.77
97.949
88.8144
86.6487
91.0879
102.961
118.474
139.119
163.615
189.212
213.56
239.385
264.464
289.822
315
341.013
363.418
381.096
400.262
404.145
406.055
391.215
371.097
352.602
335.529
318.135
302.908
289.168
276.159
266.18
258.157
251.509
248.407
247.946
248.845
253.576
260.768
269.433
273.123
276.21
281.603
289.171
298.751
293.232
287.179
273.095
249.273
225.887
206.197
191.003
176.706
165.593
153.808
139.703
130
124.92
124.036
129.314
118.714
94.0479
71.3442
49.98
36.1248
37
53.2259
74.6525
97.591
122.147
146.4
172.285
195.888
217.479
240.204
263.928
285.272
300.273
316.639
