301.201
296.432
282.843
271.413
262.817
257.187
255.039
255.666
237.929
212.132
187.11
175.568
169.198
167.547
170.751
178.55
163.6
139.445
117.004
98.1122
84.1487
78.2943
83.2166
99.4636
123.665
149.308
176.664
203.593
230.846
259.17
286.791
314.53
343.176
371.066
385.012
399.011
415.207
400.566
381.257
361.703
344.026
327.819
313.847
301.385
291.122
283.171
279.088
276.798
277.541
281.041
288.571
297.405
308.566
322.405
338.303
354.993
373.805
393.102
414.816
411.033
391.879
371.765
344.819
318.134
291.496
270.409
250.715
232.82
217.2
204.287
194.24
189.423
187.771
190.318
197.102
207.461
221.847
238.399
246.678
218.277
191.437
163.478
136.4
109.563
84.4038
62
39.2173
29.5466
43.0116
66.0303
92.6984
118.343
144.267
169.956
196.825
223.652
242.297
260.755
281.839
