321.636
314.493
309.777
307.6
302.121
287.002
275.049
265.56
257.847
254.081
238.948
225.788
214.674
207.617
191.23
166.532
143.562
121.235
100.424
97.8008
109.772
127.883
148.486
170.074
173.173
180.953
192.354
169.496
143
117.644
92.3959
71.1126
55.0364
52.4309
62.8013
82.7345
106.607
131.309
158.319
185.432
212
240.185
267.152
291.625
314.116
338.142
353.734
363.27
367.347
354.493
343.471
334.081
320.025
306.575
294.459
284.508
278.18
273.651
272.855
274.25
279.113
286.232
296.22
308.274
316.796
302.424
287.48
259.625
231.588
211.303
193.747
179.011
167.451
160.365
158.152
160.012
167.705
179.622
194.093
170.176
144.222
120.075
97.2523
79.0759
67.2309
66.0303
77.3692
95.0053
116.726
141.76
167.141
193.83
216.529
236.028
256.453
278.368
305.005
315.265
328.422
