247.164
233.309
221.461
213.434
208.943
189.874
166.652
143.962
122.654
109.289
125.873
146.605
152.069
161.682
173.807
170.026
169.853
167.631
140.246
113.031
86.1452
59.0339
35.4401
24.6982
40.4969
66.3702
93.8136
121.659
148.923
176.389
204.561
232.768
259.586
287.835
315.382
334.928
355.609
359.562
352.087
347.04
334.081
322.568
312.181
305.046
300.426
297.242
297.7
300.787
305.477
313.56
323.883
334.858
349.013
364.018
381.241
399.696
390.643
381.293
357.532
329.492
303.771
282.519
262.551
243.446
227.002
213.002
201.04
193.404
189.789
190.011
193.342
191.604
165.738
140.801
117.004
95.5249
77.3886
67.1789
68.352
80.0062
97.5141
119.775
144.059
168.36
189.908
212.207
235.646
248.6
263.949
281.301
282.45
282.418
284.429
288.917
282.936
274.233
267.167
263.873
262.589
