262.606
265.002
270.78
279.516
291.254
296.892
298.188
302.134
309.235
318.925
313.576
290
267.135
246.595
227.02
210.836
197.041
187.843
183.098
175.414
162.003
148.492
121.511
95.8593
67.1863
40.0125
20.5183
32.8938
59.203
88.6002
118.6
148.809
178.807
208.214
239.019
268.427
298.424
328.641
358.638
388.046
410.463
426.526
444.072
433.082
411
390
371.101
352.881
337.285
323.155
310.847
302.05
295.061
291.043
291.112
293.293
299.152
307.143
317.805
331.711
346.879
364.66
383.275
402.534
424.332
410.6
392.094
362.095
333.661
309.608
287.327
265.876
246.221
229.654
215.133
204.963
197.881
195.208
198.013
204.216
214.478
194.201
169.293
145.248
125.064
109.385
100.344
89.1403
87.3212
96.421
112.147
132.816
151.182
166.4
185.981
207.422
224.876
236.618
250.857
