263.577
255.666
250.218
247.396
247.291
238.581
227.741
218.634
213.328
210.238
210.535
195.931
179.011
155.242
133.207
129.016
130.146
135.857
145.674
159.201
159.248
159.531
159.298
132.883
106.944
81.0062
55.0727
30.0167
4.24264
22.3607
48.3011
73.2462
99.0454
124.403
150.416
175.696
201.159
227.266
253.387
279.517
305.005
331.145
357.29
375.133
392.917
399.981
383.888
368.951
355.709
343.471
332.844
324.181
317.166
312.194
309.364
309.595
311.082
314.746
320.512
327.832
337.38
348.634
361.437
372.908
347.048
322.014
297.069
278.756
265.047
252.96
242.44
234.361
229.957
227.491
228.002
231.355
237.539
243.214
218.826
195.563
172.131
149.482
128.062
108.674
92.477
82.0061
78.492
83.5225
96.0469
112.45
131.898
154.156
173.185
191.951
211.009
231.311
247.386
255.441
265.767
