240.637
235.053
217.375
191.314
174.866
167.287
164.055
165.424
171.283
182.148
187.115
178.138
173.159
173.488
155.618
138.571
122.147
97.6217
76.0066
58.6941
51.6624
58.7282
74.7061
93.1451
111.162
131.643
155.129
179.805
205.572
230.634
256.984
284.016
309.931
336.883
363.941
386.395
395.683
380.737
368.196
356.103
346.082
338.999
333.001
329.28
328.804
329.621
332.71
339.329
346.771
356.18
368.208
381.694
396.071
412.462
407.619
382.969
360.04
342.383
326.931
312.348
300.375
289.152
281.661
276.704
273.441
273.761
276.029
281.94
281.713
257.031
234.105
211.192
189.655
170.988
153.942
141.315
132.382
129.035
119.101
114.935
117.209
126.649
139.989
157.547
177.234
195.29
204.247
217.083
232.545
234.201
239.201
246.398
248.34
247.421
249.447
247.825
244.639
244.591
247.685
