352.013
344.471
338.256
333.443
330.339
329.512
329.243
328.27
320.258
313.683
296.897
275.045
252.406
230
217.449
212.059
210.395
210.162
212.078
217.518
197.205
175.071
153
131
109.115
87.5728
66.7083
47.4236
32.6497
31.0161
42.72
60.8769
81.2711
100.658
120.934
141.873
163.835
185.54
207.82
230.95
252.723
267.32
280.927
297.002
302.597
303.041
305.144
289.871
273.542
257.857
243.577
231.465
220.082
222.576
230.159
238.665
249.84
262.482
275.501
291.034
306.198
310.831
310.923
313.287
317.277
322.025
317.855
297.894
279.251
260.292
241.944
226.894
212.269
198.6
182.434
162.274
144.402
127.801
113.864
103.175
97.4987
96.8762
101.4
109.481
122.102
137.844
154.159
172.557
191.846
206.206
222.733
239.033
256.72
274.696
293.656
309.201
320.732
333.402
347.086
