333.928
321.179
309.027
296.624
284.935
272.976
261.874
250.492
240.402
229.513
219.317
207.762
196.652
186.097
176.071
167.672
159.138
151.585
144.838
139.617
135.831
130.208
124.579
121.165
118.714
118.072
119.616
122.483
128.004
134.06
138.293
142.042
147.963
154.383
161.549
169.594
178.933
188.438
198.497
209.69
220.658
232.691
244.99
256.85
269.713
282.002
295.269
307.883
312.296
297.874
282.899
268.477
256.416
245.839
235.688
226.02
216.899
209.347
201.559
194.551
188.409
183.221
179.07
176.028
170.836
162.015
154.003
147.33
140.545
136.484
133.304
132.322
132.201
133.6
137.383
135.978
136.125
138.924
142.014
147.489
153.222
161.047
168.867
177.158
187.409
196.224
204.13
213.002
222.272
231.467
242.539
252.604
263.788
275.182
287.002
298.292
311.191
322.893
335.626
