337.313
324.5
311.801
299.232
286.81
275.523
263.463
251.621
240.027
228.72
217.745
208.154
198.01
188.383
179.354
171.02
163.487
157.813
150.479
141.354
133.147
126.823
121.631
117.924
115.122
114.495
115.109
114.543
115.434
118.068
122.188
126.846
133.795
141.852
150.36
160.066
166.604
173.761
181.739
190.434
199.752
209.612
219.939
230.671
240.882
252.254
263.894
272.729
281.155
290.002
297.321
284.614
273.339
262.053
250.264
239.719
229.367
218.515
209.038
200.09
190.759
183.003
174.957
166.208
156.869
148.246
140.471
132.853
127.283
123.037
120.254
119.038
117.201
113.842
112.178
112.285
114.158
116.726
121.565
127.945
135.506
144.062
151.013
158.902
166.883
175.642
185.691
195.645
206.09
217.463
228.653
240.154
252.343
263.401
287.642
301.569
315.127
329.055
343.548
