330.36
318.022
305.84
293.833
282.025
270.44
259.11
248.069
237.356
227.02
217.113
207.697
198.708
189.452
181.912
175.191
169.387
164.596
160.91
158.405
149.482
142.864
136.653
131.765
127.906
125.936
125.634
126.151
129.035
131.381
130.231
130.648
132.62
136.953
141.736
147.757
154.897
162.856
171.642
181.706
191.755
202.921
217.083
230.413
245.122
258.503
272.8
286.225
290.766
278.916
266.852
255.971
244.444
233.24
223.379
212.984
203.226
193.838
186.097
178.101
170.95
165.738
160.331
156.263
153.026
145.99
139.521
134.826
130.832
129.016
127.945
129.283
131.244
132.442
131.973
133.015
135.532
139.445
144.641
150.987
158.345
167.451
176.409
186.011
196.163
206.785
217.807
229.172
238.411
245.41
253.805
262.458
271.017
280.893
290.723
300.443
311.411
322.099
332.677
