293.138
280.059
267.017
254.018
241.068
229.578
218.769
206.93
196.698
186.815
177.341
168.181
159.803
152.082
144.17
138.177
133.195
129.341
127.122
122.299
116.829
112.61
109.877
108.724
109.128
112.009
115.447
120.208
125.1
130.188
136.33
143.611
151.529
160.465
169.664
179.335
189.897
197.497
204.832
211.929
220.984
229.837
239.107
248.727
258.01
269.007
279.46
284.57
290.176
295.772
301.423
290.341
278.512
267.778
256.32
246.028
235.051
225.329
214.979
205.995
196.471
188.449
180.011
173.289
165.097
155.541
147.462
140.407
133.015
128.016
123.709
120.507
118.87
119.403
120.067
119.101
119.252
121.202
124.487
130.004
135.724
141.598
144.641
148.762
153.405
159.512
165.584
173.833
181.373
190.224
199.585
209.344
220.229
230.054
240.741
255.783
268.405
281.092
294.337
