293.246
281.044
270.017
258.194
246.587
236.326
225.284
215.557
205.448
195.602
187.216
178.846
170.836
164.478
158.685
153.388
145.691
139.603
133.222
129.495
126.21
123.329
118.663
115.624
114.018
114.127
115.948
119.038
123.891
130.085
137.612
145.836
154.897
164.657
174.201
185
196.209
204.071
212.002
221
229.993
239.401
249.177
260.25
270.446
281.128
292.036
304.138
315.43
316.836
306.276
296.027
286.044
275.356
265.996
257.126
248.574
240.47
231.897
224.849
216.76
206.155
196.352
187.072
177.868
169.838
161.969
155.589
149.482
145.207
138.232
131.928
125.355
121.037
117.239
115.07
115.434
116.499
120.167
123.976
130.361
134.034
136.781
140.801
146.031
151.717
158.42
166.436
174.751
184.049
193.569
203.806
214.22
225.009
236.222
253.87
267.825
281.711
294.679
