186.454
183.992
182.661
182.187
184.024
178.466
172.905
169.753
165.076
156.4
148.6
142.611
137.594
133.27
131.32
130
130.25
133.094
136.297
140.89
147.709
149.603
151.212
155.048
158.685
164.785
171.143
179.134
186.473
195.88
205.322
215.824
225.4
236.698
247.923
259.833
270.703
283.064
295.325
308.039
319.683
332.665
345.558
358.578
370.885
384.104
397.549
410.932
423.506
436.028
423.533
410.099
396.667
384.376
371.135
358.022
346.013
333.122
321.35
308.785
296.326
285.156
273.095
261.262
250.88
239.633
229.02
219.495
209.848
200.392
192.419
184.762
177.409
172.351
166.877
162.484
156.237
148.519
142.664
136.704
133.405
130.392
125.144
122.262
120.033
120.503
121.334
125.032
129.402
135.949
141.82
142.888
146.687
150.416
156.605
162.595
170.696
178.474
188.011
