382.792
371.91
361.271
351.013
341.119
331.604
322.591
313.959
306.967
299.366
287.172
275.282
264.683
253.16
242.392
232.125
222.428
213.378
205.061
196.939
190.318
184.719
180.236
176.955
174.063
173.326
173.925
175.847
179.047
183.461
188.003
188.597
189.552
191.604
194.797
198.154
203.482
209.755
216.06
224.009
225.499
219.92
216.749
213.827
212.728
211.851
212.904
214.107
217.267
220.227
225.4
231.465
231.311
231.035
231.78
224.018
215.928
208.837
201.437
195.923
191.408
185.219
176.709
168.514
161.966
155.878
151.822
148.354
147.231
146.731
148.708
148.098
147.031
147.489
149.643
153.16
158.959
165.024
172.186
180.314
189.283
195.972
202.356
209.602
217.624
226.638
236.038
245.978
256.394
266.852
279.034
290.615
302.483
314.35
326.725
340.278
353.035
365.79
378.868
392.074
