268.151
254.435
240.204
227.407
213.654
200.891
188.351
175.368
163.466
151.344
140.428
130.173
120.304
112.009
105.019
99.5038
96.0833
91.5915
86.977
85.9593
86.0523
89.9389
94.578
102.416
110.386
117.154
124.036
133.094
142.127
153.062
163.591
175.616
187.086
199.86
211.967
224.321
234.047
245.524
256.907
269.082
281.016
293.164
306.493
321.479
336.467
350.634
365.053
375.618
362.24
349.803
336.095
323.938
311.193
298.734
286.421
275.087
261.817
248.727
235.847
223.215
211.454
199.424
186.938
175.775
165.605
155.666
146.564
138.463
131.548
126.004
121.926
119.57
119.038
119.883
115.676
111.866
111.396
112.058
114.061
118.271
123.762
131.856
140.057
149.215
159.138
167.287
175.414
185
194.618
205.767
216.06
228.11
239.14
251.024
264.017
266.257
268.062
271.533
275.414
280.808
