315.057
306.041
296.432
288.267
279.594
272.443
264.885
258.925
249.195
237.598
227.308
216.518
207.118
197.396
188.915
181.475
173.485
162.641
152.398
142.201
134.302
126.115
119.616
114.237
111.759
110.018
110.168
113.323
117
117.648
103.942
110
118.191
128.144
136.209
142.888
149.375
158.231
166.973
177.079
187.11
198.595
209.38
221.653
233.214
246.165
259.434
273.732
287.091
301.496
296.892
287.251
278
269.225
257.777
246.595
235.765
224.163
214.161
204.402
194.538
185.93
177.553
170.988
164.839
159.553
152.742
145.578
140.346
136.473
133.154
132.004
132.834
134.239
138.13
143.402
148.933
153.056
157.178
162.89
170.038
177.8
185.801
194.466
200.392
207.87
214.721
223.66
232.332
241.946
251.603
262.574
272.971
284.318
290.58
296.554
303.318
310.459
318.234
