335.109
323.359
311.416
300.082
288.531
277.714
266.295
256.494
245.782
236.73
227.899
218.66
211.149
199.492
187.067
182.069
188.767
179.889
170.628
160.854
153.101
145.908
139.291
134.272
131.137
125.208
120.603
117.478
115.551
115.802
117.712
121.202
126.194
132.518
139.946
148.314
153.235
159.239
166.208
174.614
183.221
193.197
202.951
213.178
223.815
235.601
246.917
251.645
257.878
264.751
271.301
269.818
264.055
257.963
252.517
247.935
239.019
229.787
222.11
214.058
206.62
197.717
188.282
179.725
172.662
165.463
160.555
155.396
152.201
150.073
148.661
150
151.268
149.372
148.762
150.416
152.411
155.631
160
165.511
171.977
179.293
187.361
202.475
208.403
215.081
222.441
230.417
238.948
248.638
258.141
268.039
278.289
288.855
299.702
310.801
322.943
334.485
346.208
