288.231
277.065
265.707
254.88
244.246
233.574
222.463
212.426
202.941
193.838
185.132
177.025
168.582
161.79
153.587
145.88
138.928
131.947
127.424
122.801
120.283
118.444
118.714
120.354
122.931
125.96
126.921
129.387
132.034
136.938
142.773
149.723
157.204
165.711
173.971
180.247
186.389
193.217
200.661
209.347
217.862
227.466
236.764
246.4
257.158
267.38
277.838
289.007
299.842
296.515
287.2
278.632
270.024
261.216
253.442
246.175
239.654
229.996
219.791
209.774
200.202
190.003
181.276
173.046
165.56
157.648
151.789
146.54
140.431
129.139
119.281
110.114
101.823
94.6414
89.6939
85.6154
85.3756
89.3588
95.0474
102.108
110.354
119.541
127.122
132.098
138.13
145.086
153.574
162.69
171.703
181.207
191.128
201.405
212.85
223.707
234.787
259.048
272.531
285.112
298.613
