338.245
337.48
338.044
338.954
342.286
346.671
352.278
358.05
364.927
364.047
364.401
364.774
367.535
371.14
376.198
382.368
388.233
396.445
405.602
415.03
425.854
436.702
421.457
406.725
393.315
380.443
368.42
356.396
346.092
335.9
327.654
319.64
313.79
308.519
305.29
302.491
302.134
302.238
304.792
307.774
312.144
318.498
325.38
334.356
343.495
354.51
365.563
373.048
376.707
380.867
379.717
365.876
352.745
341.013
323.6
302.605
282.237
264.201
251.285
238.648
228.178
218.289
211.284
204.841
201.42
199.161
200.112
203.246
207.183
214.283
214.723
216.227
218.909
224.243
230.673
235.194
229.131
225.719
223.258
222.686
218.213
204.414
192.042
182.214
173.22
178.676
196.512
216.002
235.79
248.365
262.458
276.904
291.894
299.294
302.804
309.091
315.265
324.045
332.569
