313.081
309.477
307.148
307.117
307.417
309.026
312.922
317.068
322.416
329.874
335.525
333.51
333.294
334.718
336.019
339.33
343.583
349.126
350.728
336.091
321.274
307.234
294.598
281.965
271.118
261.358
251.525
244.364
238.673
233.566
231.106
230.367
230.521
233.335
236.856
242.924
250.45
258.971
269.119
280.332
291.743
304.764
318.512
332.778
352.87
372.844
383.63
390.037
375.288
360.147
345.492
331.843
318.423
305.712
293.503
282.554
273.426
264.706
257.235
247.073
237.118
227.37
220.239
213.846
209.812
207.171
201.817
196.901
192.52
191.604
191.4
190.184
182.784
178.317
169.186
157.051
145.582
130.05
113.053
96.933
81.6333
70.0357
62.7694
61.1882
71.7008
87.9318
106.231
124.326
143.757
162.604
182.497
201.695
221.815
242.002
260.204
277.354
294.151
304.6
311.103
