372.259
365.801
359.251
355.106
352.057
339.589
327.006
315.406
304.902
295.61
288.617
282.078
277.078
273.701
254.018
232.562
211.142
209.153
214.182
221.118
229.706
240
223.002
202.002
180.025
159.079
138.177
116.349
95.6347
75.1332
58.5235
48.9183
47.927
36.0139
30.8058
42.0595
62.9682
83.2406
104.048
125.718
146.509
168.514
189.391
205
222.122
222.625
201.467
180.361
166.928
163.453
165.858
187.723
208.969
230.217
250.976
265.859
281.555
297.935
303.216
309.006
316.545
307.148
294.598
283.283
272.971
264.017
255.566
249.756
245.703
243.181
230.846
220.952
212.758
205.847
200.838
198.842
199.138
191.888
185.884
180.945
179.747
181.044
183.883
176.706
172.029
168.621
176.491
193.215
211.009
229.316
247.487
267.47
286.356
306.276
326.267
336.725
345.915
357
368.155
380.154
