297.311
296.609
297.002
299.483
302.035
305.63
310.234
314.841
309.968
307.002
304.555
303.638
302.888
301.219
286.895
273.66
261
249.002
237.002
226.603
217.205
208.943
201.04
195.433
191.604
189.085
187.267
188.17
190.78
195.028
200.811
207.077
215.564
225.178
235.78
246.455
258.699
271.588
284.313
302.671
320.326
330.389
333.542
337.605
341.721
331.887
321.885
312.604
305.424
297.753
290.998
286.196
281.476
277.849
275.356
275.029
267.675
259.239
251.813
244.264
239.082
235.17
227.2
218.49
211.454
204.353
200.112
189.275
176.4
164.514
153.847
144.669
136.308
123.794
106.794
90.0888
74.108
59.439
47.8539
45.3431
63.1269
81.6884
99.4887
117.444
135.248
153.052
170.699
186.357
203
219.911
230.289
239.616
250.46
261.536
271.503
275.944
281.443
287.68
295.163
