317.654
311.878
307.05
303.216
300.288
298.605
298.002
298.484
300.048
294.45
286.7
280.931
275.282
271.301
267.944
266.7
265.859
267.088
268.794
266.738
254.796
243.805
234.389
225.144
217.911
211.028
206.197
203.214
200.808
201
201.804
205.361
211.284
220.109
231.234
242.844
254.772
268.287
281.823
295.601
310.01
324.644
333.138
342.345
352.206
362.792
374.012
381.944
369.524
357.605
345.353
334.574
324.464
315.087
305.555
298.077
291.24
285.408
279.646
272.017
264.32
256.644
250.082
245.693
237.807
229.706
222.266
216.603
211.454
208.581
198.708
188.521
178.807
171.327
165.529
161.595
158.685
154.935
140.129
125.1
112.147
99.4585
89.0505
101.356
118.461
135.418
151.855
169.918
187.449
205.066
223.464
241.207
258.312
272.356
285.834
299.686
312.987
317.128
323.098
