305.08
304.463
303.975
305.577
308.234
311.058
315.913
321.753
327.727
335.436
337.251
335.935
335.622
335.86
337.627
340.379
344.093
347.955
345.151
331.76
319.64
307.435
295.949
285.855
276.031
267.686
259.896
253.663
248.284
244.272
241.847
240.674
241
242.745
245.801
250.344
256.223
262.992
271.207
280.007
290.176
301.204
312.405
324.852
336.501
350.104
354.38
359.562
365.646
362.349
353.956
345.809
338.999
330.298
317.17
304.587
292.617
281.341
270.658
261.094
252.507
245.002
238.757
233.788
230.185
228.011
227.308
223.164
218.156
214.611
212.514
212.207
203.342
194.165
186.682
181.342
176.774
173.003
157.835
142.425
129.016
116.966
105.773
97.9898
109.772
127.624
146.168
164.259
183.003
198.346
213.776
229.103
245.538
261.811
268.198
275.98
284.429
293.343
304.424
