264.358
262.922
264.008
265.611
269.691
274.204
280.08
276.219
274.352
272.947
273.503
275
285.804
305.321
324.863
342.335
347.048
353.556
357.459
343.526
331.014
318.442
306.663
295.772
285.871
277.065
269.462
263.167
258.275
254.867
253.008
252.642
253.86
257.614
261.885
267.591
274.642
282.936
292.37
302.835
314.229
326.455
339.423
352.321
365.754
373.277
380.948
389.466
381.791
373.021
365.141
359.138
353.227
348.368
343.839
335.216
327.768
321.35
315.025
310.928
308.016
306.34
305.918
300.433
297.155
294.267
293.615
293.462
291.275
287.433
284.313
283.219
282.837
284.717
287.179
279.732
272.121
265.801
260.864
257.391
255.441
251.032
238.839
228.694
219.021
205.572
191.269
177.102
165.158
154.806
146.386
160.206
177.003
194.427
212.325
236.637
245.326
255.267
266.317
