325.85
323.427
320.888
320.203
319.453
311.785
300.752
290.697
280.815
271.582
262.256
254.566
244.322
231.935
220.839
210.523
200.302
191.05
183.358
177.341
171.84
167.887
166.676
166.012
167.084
170.836
174.909
180.693
187.843
197.061
205.876
216.148
228.878
244.859
260.25
276.48
287.256
289.748
293.21
296.771
302.035
301.902
295.373
290.062
286.19
282.335
277.705
270.969
265
261.094
257.158
254.332
252.517
251.772
252.4
249.419
246.546
244.773
243.282
243.805
244.049
244.696
240.01
236.457
233.26
232.071
231.225
231.562
222.946
215.615
208.312
202.988
198.04
195.433
192.2
180.056
167.443
156.605
146.263
137.713
129.808
125.16
121.211
136.18
152.122
167.451
183.831
199.462
214.441
226.374
239.385
253.16
267.032
277.541
285.281
293.901
302.134
312.04
322.503
