385.811
379.326
373.872
368.179
351.461
335.013
319.902
305.188
280.492
255.979
232.157
209.976
187.385
166.412
146.731
130.177
117.414
108.853
107.355
112.361
122.123
137.295
154.208
169.426
180.712
183.918
165.124
148.003
122.577
97.6166
73.6003
51.0882
35.5106
36.8917
27.4591
15
33
58.0517
84.2021
109.731
134.134
122.45
116.726
116.765
122.197
128.725
135.059
146.891
161.307
178.44
191.669
197.19
205.973
217.624
232.573
252.295
274.303
281.448
283.656
288.335
283.002
272.531
264.307
258.544
245.055
232.641
223.504
216.28
212.078
202.2
193.424
188.481
186.807
189.694
194.733
203.953
212.085
199.372
190.518
185.011
175.647
154.029
134.134
116.846
103.479
96.5194
102.956
127.941
153.681
180.094
206.635
231.871
258.55
285.272
311.437
334.773
357.113
382.368
390.774
