306.34
301.798
299.668
298.002
298.811
300.097
303.817
302.881
298
294.552
293.471
292.985
294.822
297.31
280.371
261.664
246.11
234.949
224.475
215.585
203.194
185.076
167.631
151.093
135.794
122.201
110.059
101.833
97.5141
97.6217
102.142
110.535
121.211
135.059
150.572
167.287
184.878
203.118
220.484
233.077
246.854
261.628
276.586
292.865
309.742
326.794
344.308
344.688
345.637
346.101
334.718
323.396
313.088
303.896
295.926
290.259
285.156
281.349
279.088
278.412
280.316
282.8
280.179
277.462
275.045
275.089
277.253
279.635
276.501
275.632
275.601
277.95
274.782
264.426
256.32
248.761
242.792
238.533
237.076
223.11
204.707
187.808
170.836
154.69
140.769
132.098
152.322
171.968
192.627
212.608
228.429
242.563
257.635
275.51
279.886
285.773
292.159
300.761
310.575
