282.767
278.412
275.182
273.148
272.342
272.738
274.563
277.397
279.501
277.417
276.538
277.411
273.426
266.957
261
257.635
253.314
244.131
235.468
228.528
223.772
219.173
216.391
215.102
215.281
217.113
220.422
226.126
232.422
239.742
248.169
258.048
268.419
279.58
292.836
304.539
314.579
325.318
337.415
349.384
361.863
375
378.038
381.938
377.831
366.27
355.788
345.951
337.76
329.401
321.629
315.017
309.343
304.657
301.007
299.483
295.959
289.353
284.988
280.558
278.21
276.509
276.538
275.496
271.442
268.365
265.932
264.764
264.877
256.338
245.082
235.296
226.524
218.552
212.25
207.152
191.51
174.562
159.05
144.125
128.996
115.953
103.465
94.0213
96.4002
115.109
133.304
150.814
168.345
184.621
201.316
217.555
234.201
245.734
255.895
266.101
278.21
281.514
286.932
