284.851
285.044
285.212
284.285
278.189
272.809
268.555
265.002
260.163
249.201
240.235
230.671
222.504
216.148
209.423
204.561
200.848
198.588
197.768
190.683
185.327
181.662
179.201
177.406
178.07
180.228
183.967
187.926
194.427
201.725
210.488
219.672
229.401
240.071
251.984
263.752
276.004
291.158
306.415
322.531
337.337
336.073
337.013
338.245
339.912
343.21
345.951
341.92
332.099
323.818
315.203
307.262
301.042
294.613
290.028
285.253
282.392
279.485
278.539
277.606
274.192
266.852
261.658
256.031
251.873
248.212
246.221
244.696
241.357
230.853
219.611
209.153
200.96
192.419
185.397
179.271
165.738
152.742
140.357
129.016
118.828
109.142
102.318
111.893
125.363
138.224
153.056
166.901
180.424
192.575
204.612
217.451
232.594
238.606
246.489
254.311
262.909
273.19
283.132
