272.413
274.117
277.116
281.114
286.503
293.027
291.625
290.998
290.689
292.406
294.491
297.76
300.707
282.604
265.424
248.477
237.741
229.637
221.371
214.478
209.39
205.548
203.421
203.089
204.414
207.331
211.981
218.197
225.462
234.344
244.387
254.892
266.811
279.517
292.228
306.888
321.338
335.483
347.955
350.721
354.261
358.71
364.034
360.257
349.107
338.09
328.726
319.18
311.448
304.637
297.814
293.015
288.39
285.911
284.607
279.159
272.624
267.227
263.036
260.112
258.496
258.822
256.445
251.746
248.395
246.447
237.228
228.589
220.737
206.344
191.971
177.054
164.073
145.382
126.89
108.462
90.1388
72
54.231
37.3631
23.4307
20
30.8058
40.7063
52.7731
67.0298
83.863
100.439
118.68
135.978
154.729
172.325
190.924
206.93
222.639
238.738
247.695
255.016
263.486
