378.452
373.363
369.567
367.165
365.954
366.344
367.294
370.937
375.494
380.747
387.848
395.182
404.776
413.14
408.49
406.005
403.714
402.752
402.952
404.372
407.001
412.089
417.085
423.189
422.765
416.742
411.316
406.203
403.714
401.07
400.382
401.659
402.8
405.765
410.742
415.539
421.922
414.103
406.38
399.445
393.954
389.462
386.4
384.52
384.005
376.643
367.296
359.217
352.206
346.733
342.348
339.737
338.179
338.568
339.094
338.435
324.299
311.841
299.808
289.803
279.294
261.369
243.311
226.524
210.345
196.469
198.436
207.292
219.146
231.579
243.387
247.8
253.87
260.757
267.052
267.152
269.904
273.673
279.206
287.2
288.226
289.883
293.743
297.93
304.954
313.198
321.885
327.739
331
336.719
342.708
351.07
359.68
370.401
371.042
370.937
373.118
375.255
380.043
