348.083
334.431
320.713
308.78
296.589
286.882
284.524
285.412
286.923
290.002
294.679
300.807
308.299
317.057
327.928
327.014
324.261
323.359
323.395
325.407
328.221
329.524
325.043
322.672
321.741
318.308
311.713
306.47
303.595
301.272
300.456
301.159
303.371
303.041
298.136
293.626
291.796
291.295
291.728
293.394
289.872
289.292
289.705
291.548
295.736
300.648
300.741
300.98
303.223
306.47
311.191
317.32
324.777
333.473
343.313
346.144
346.208
347.57
346.237
341.123
338.321
335.596
334.571
335.872
337.171
340.331
345.649
350.795
357.807
366.674
371.079
371.878
373.666
376.958
380.596
386.311
392.577
400.472
395.577
390.083
386.514
383.256
381.106
381.189
381.518
382.97
386.743
390.497
384.906
377.541
370.346
365.207
360.401
357.694
355.46
355.308
356.427
358.152
361.808
