328.146
330.394
334.09
338.25
345.117
349.777
349.517
352.026
355.141
359.011
359.213
353.617
350.036
348.634
347.311
347.932
349.933
352.956
357.687
363.468
367.764
364.781
362.271
362.088
362.329
364.87
367.73
372.136
378.525
382.906
379.389
377.18
376.303
376.191
377.16
380.27
384.669
388.902
386.535
385.612
385.737
387.475
389.659
394.417
387.703
378.292
370.951
363.816
358.811
355.276
352.091
351.283
351.024
353.058
356.452
358.336
356.237
354.193
354.006
354.731
349.611
345.249
340.837
338.576
337.843
331.436
326.221
322.444
320.156
319.39
319.908
317.164
311.859
308.234
306.163
306.674
307.951
310.693
314.964
320.702
319.356
302.476
287.795
272.723
259.563
247.588
237.186
228.403
239.385
256.275
239.635
225.417
232.215
242.594
254.566
266.925
281.455
297
313.409
