376.809
373.209
370.984
368.462
359.135
351.027
344.224
338.804
334.187
331.67
330.692
331.266
333.384
337.018
342.118
348.622
356.451
361.122
361.732
364.485
368.761
374.262
373.066
370.217
368.686
366.347
358.022
350.698
345.023
341.713
338.498
337.267
335.601
329.735
325.272
322.386
321.809
317.569
311.207
306.415
304.559
303.058
303.269
302.367
288.087
275.065
263.321
254.024
245.359
238.799
240.693
247.358
256.32
266.4
277.892
292.043
305.866
321.409
337.024
352.239
353.871
356.881
361.769
367.491
371.974
373.451
375.506
378.715
383.256
390.082
397.06
402.246
401.872
402.613
404.59
407.785
412.171
417.254
417.267
413.088
409.308
407.614
407.177
396.104
385.811
376.619
368.611
361.865
356.91
352.836
350.201
349.04
348.391
350.344
353.543
358.169
364.166
371.469
379.858
