360.28
353.21
347.416
343.68
340.577
338.904
339.249
340.425
343.036
347.052
352.768
360.335
368.185
377.362
375.084
369.986
366.034
362.399
361.112
361.021
361.425
364.166
366.007
361.487
358.219
356.741
355.287
356.013
358.046
358.537
356.786
354.983
355.141
357.435
359.707
363.743
369.542
375.996
372.58
371.446
371.797
372.293
375.108
378.19
374.546
372.087
370.871
371.171
372.518
373.805
362.836
353.883
346.101
338.999
333.744
329.879
327.452
326.497
327.024
326.804
310.831
295.61
281.261
267.927
255.766
244.753
234.559
228.055
238.411
250.32
263.591
277.764
284.007
286.128
291.235
296.589
302.617
302.185
303.356
306.111
310.408
315.634
322.865
327.397
329.795
332.363
336.4
342.041
348.786
352.687
355.001
358.615
363.552
369.758
366.715
364.373
363.65
363.902
365.891
