298.484
305.374
313.6
322.093
332.701
335.574
336.923
338.711
343.227
347.697
354.203
361.093
369.818
378.857
377.784
377.922
378.737
381.329
385.095
390
396.003
396.445
390.978
387.377
384.138
382.953
382.033
383.334
384.88
388.506
392.45
397.316
391.828
385.187
379.638
375.686
372.508
371.097
371.203
371.712
374.14
377.127
381.294
387.404
394.392
391.019
383.776
378.134
373.631
370.309
367.947
367.129
359.494
353.193
347.092
343.246
339.706
338.498
337.664
339.167
334.742
330.394
327.42
325.338
325.154
322.188
314.949
309.793
305.369
301.664
300.832
301.015
302.794
306.472
304.258
297.325
290.629
286.566
283.028
282.11
281.78
284.253
275.056
263.046
257.257
254.094
252.295
252.733
253.513
241.174
230.202
220.801
220.03
227.669
237.924
248.713
261.773
274.964
290.11
