309.131
308.462
309.071
311.207
313.79
318.352
324.507
331.892
339.053
347.246
341.808
338.954
335.912
334.857
334.994
336.543
338.568
342.707
348.518
349.666
346.586
345.654
345.951
346.342
349.125
352.091
357.202
363.501
363.736
361.248
359.956
358.922
360.068
362.415
365.941
370.095
375.822
382.604
383.221
384.147
386.174
388.631
392.837
384.22
375.133
367.535
360.472
354.927
350.127
347.8
345.463
344.581
344.781
341.287
336.054
332.02
329.229
326.735
326.529
325.73
321.462
317.972
316.291
316.457
314.428
306.863
300.521
295.481
292.606
290.396
289.638
291.247
293.073
287.253
281.902
277.051
274.804
273
273.806
275.224
278.977
277.397
273.907
271.936
270.651
268.226
263.154
260.311
258.443
245.506
231.925
222.092
234.344
248.169
262.886
281.101
289.353
298.828
308.415
