278.095
262.732
249.018
235.536
223.652
212.85
203.666
205.548
217.938
232.422
247
263.427
271.267
276.725
282.689
279.034
274.352
271.671
271.533
271.627
273.98
277.276
282.846
289.928
297.558
307.3
318.215
327.963
328.938
331.313
334.073
339.249
345.523
352.001
360.612
360.34
359.388
358.734
360.335
363.189
366.871
371.187
377.562
385.019
387.687
384.813
384.506
383.96
385.996
387.78
392.103
396.981
402.618
409.649
417.206
409.464
399.406
391.203
383.986
377.809
372.607
367.72
365.005
363.497
363.209
364.146
365.548
368.961
373.536
369.385
361.836
356.27
351.501
347.467
346.1
344.623
345.863
346.988
350.203
342.808
334.283
327.808
321.702
316.901
313.465
311.439
311.841
312.706
313
307.717
302.789
300.262
298.211
298.94
299.933
297.069
293.724
293.298
293.019
