398.378
389.668
382.127
375.826
370.827
367.185
364.486
363.72
364.387
366.481
369.976
374.833
381.001
381.379
377.048
375.047
373.498
374.386
375.48
378.209
383.275
388.33
389.236
388.291
388.398
390.128
393.137
397.394
402.94
405.428
405.704
405.879
407.357
410.124
415.464
419.749
411.869
403.823
396.958
391.337
387.014
385.032
383.423
383.2
384.366
379.415
370.05
361.168
354.539
349.276
344.577
342.253
340.649
333.678
328.811
324.094
322.405
321.512
321.711
315.9
305.133
295.779
287.976
275.224
259.114
244.051
231.366
235.468
247.196
260.634
275.986
280.92
286.274
293.724
303.295
313.67
310.485
308.318
307.132
309.04
311.262
315.154
321.922
328.907
335.167
338.615
342.584
349.006
355.81
364.911
372.447
376.416
382.688
389.281
397.102
402.016
402.81
404.079
407.462
