406.764
396.551
388.815
380.816
375.41
369.899
367.049
364.232
364.078
364.062
366.629
369.395
374.534
380.001
379.638
376.579
373.872
373.514
374.518
370.794
359.651
350.169
342.345
335.316
328.818
325.209
322.444
321.925
321.602
324.275
327.617
332.388
339.094
346.606
356.295
356.545
354.993
354.813
356.001
358.615
353.386
348.558
344.158
341.235
340.389
336.436
329.371
323.2
319.014
315.634
313.968
308.846
303.211
299.828
298.089
298.022
299.628
300.683
294.389
288.513
284.45
277.029
261.765
247.631
234.83
223.591
227.554
235.835
245.459
256.453
269.072
282.158
297.741
313.461
329.334
347.287
349.666
348.421
349.107
351.648
355.578
360.855
367.418
375.123
383.106
393.154
404.191
410.436
409.919
410.621
412.536
415.646
420.315
426.676
426.175
422.133
419.802
417.279
417.387
